0
1
49156
16393
57359
16402
32793
16410
40987
24605
57374
40991
33
8225
49185
32804
16421
57380
73767
49191
8233
16426
8235
16430
32815
24625
55
16442
8256
49220
16458
24652
16463
24656
32850
8274
65621
91
41052
16477
8288
41057
8290
49250
101
49255
57450
24687
114
32882
8306
24695
16504
49272
16507
16508
125
49278
16511
16512
49280
24707
49287
8331
57485
24719
145
49297
16531
24721
24722
8344
8345
154
16536
24730
24732
158
32928
8355
164
8356
16547
24740
168
170
16560
24752
24753
49331
57523
57528
186
32955
188
191
32960
24768
24769
196
49349
198
199
200
8390
16584
57546
24780
57548
208
24785
24794
32988
8416
227
228
57578
238
239
65774
16623
243
33011
41204
24824
41209
251
16640
24835
8452
261
24836
265
24845
8463
65808
16662
279
24857
33050
284
16669
33055
16673
41251
16677
24869
8489
49451
300
24878
307
313
41274
315
16697
317
49469
8513
41281
16707
328
57672
337
33106
57684
24918
33111
8535
8539
49500
349
8544
33121
41316
360
16747
24943
368
65908
57716
16758
8568
379
33153
24961
16773
401
33170
49553
8596
16786
24985
416
41380
427
431
8626
8627
16819
437
74165
65981
57789
65983
25023
33219
25028
33221
49606
456
16841
459
25037
25042
16851
470
471
33238
473
16858
25049
25054
479
25057
25059
484
8676
487
33258
495
16879
25072
33267
66040
25081
57851
511
513
16899
16901
16902
49669
25094
33290
8714
33292
49676
25105
532
33301
41494
33304
537
33307
8732
541
49691
57885
545
546
16929
548
8742
74280
33322
16942
562
16947
33336
41533
576
25152
66115
8773
49735
587
589
16975
57935
25171
8792
41560
606
607
8804
57956
618
17002
25196
49776
41585
25201
17012
41590
8825
8826
17019
25212
637
640
49793
49794
25218
8836
17028
49797
25219
25221
25222
25226
33428
58006
25241
17050
33437
25249
17061
17062
33449
41641
41643
684
33452
17065
17067
66224
17069
25262
25265
49844
49846
696
66232
8890
699
17084
25273
58043
17087
17088
33473
17089
26193
33481
8905
17098
720
723
8916
33493
33495
8919
729
25307
736
58082
41700
17127
58088
745
33517
25326
17136
754
66296
761
41722
17147
58106
33533
8957
49921
17156
775
33543
33547
8971
33549
8972
17164
17175
49943
49945
17178
8987
49946
798
17183
8992
17189
807
8999
17191
49960
49962
17195
813
58151
815
33583
41776
49970
25396
822
9015
827
74555
17212
25404
835
33604
837
25412
17224
843
33611
845
33612
66379
41805
9038
41808
9043
852
41812
17235
50006
856
41820
41824
74594
41827
870
872
875
41836
877
25451
41842
25458
25466
33659
9083
893
9085
17277
25467
9090
9092
50053
902
50055
9098
909
9102
50063
17299
58259
917
918
33686
9109
74646
50071
41883
25492
9117
25504
25507
41893
33704
17322
17325
33710
25517
41904
9139
950
951
50102
25527
9146
33723
41916
50113
33730
9159
33739
975
17364
66518
988
50141
991
25567
33765
9190
58342
25575
1001
9194
1003
50155
66541
1006
33774
17388
25579
25581
25584
41972
25586
66551
1016
17399
17403
17410
9223
1034
41995
33804
25615
9232
9234
25619
1044
9236
42007
1049
9241
1052
17438
42015
25630
1057
33825
9250
50212
17445
9254
17447
42024
25638
9259
1070
33839
1072
58414
9266
42034
9268
58425
17468
66623
17472
58434
25667
33860
17479
25672
1099
42061
17485
17487
25679
1105
9297
1107
66644
1110
25689
1117
42083
1124
9317
17508
50279
33896
9321
25701
9323
50284
17520
33907
25715
25716
1147
25723
25724
25725
1154
1155
50314
1163
9358
50331
25757
9378
33957
17574
17577
9386
1195
1196
50345
1201
42162
25779
25786
25787
42172
42173
50367
33984
1221
1222
33989
9413
9418
25807
25808
42198
17627
34014
1249
1250
34019
42209
42212
17635
9447
9448
17636
17639
50411
34030
9454
17646
58608
9465
1274
66811
9466
17657
34047
9471
42240
17664
17668
1285
9479
17672
34059
1295
1298
25880
9498
34077
25886
50465
58662
1322
1327
50479
42289
1330
17714
58672
17717
58679
50490
1345
17729
25921
25925
1351
66888
1353
1354
58696
58697
1357
42317
34127
9550
9552
17741
50511
17746
34134
9558
17750
66905
17751
50519
25951
9570
42341
50535
1387
34156
42349
1392
17777
9586
42356
1397
17782
50550
34172
17795
9604
25987
17798
1415
34185
9609
42378
9611
17803
17805
50574
17808
50577
1426
9618
9620
58768
1430
58770
1432
9630
26017
34212
1446
9638
58795
42413
66990
9647
9649
34226
9651
1460
1461
9652
1463
26033
1465
42429
9663
42432
1477
26054
50631
1481
34250
42444
1489
1492
1495
26072
34265
34269
9696
9700
9702
17897
42475
42476
17901
26097
1530
9722
9723
34301
1533
9724
50685
1537
50691
17925
50693
1544
1546
50699
9742
50704
34321
17937
34325
34326
9749
1560
9751
50715
26140
9757
26142
26144
26146
9765
26153
17965
17973
17977
34362
9787
42555
1597
17978
9792
42560
75329
58950
17993
42570
1611
26188
58957
42574
26190
34385
9810
9811
9812
34389
42578
9815
50771
18008
34394
26200
42589
1631
1632
42593
9826
18017
58979
26213
1640
9832
1643
9835
50795
1646
26223
1648
18032
26227
34420
26234
34429
50813
42624
1667
42628
34440
1673
9865
1675
50826
18060
18061
18063
9872
18064
26249
59024
1684
42645
1688
26268
34461
42653
42654
9887
26272
9892
18084
9895
9897
42666
42667
9905
34482
1715
42675
42677
34487
1724
1725
18111
1729
34499
18115
1734
1735
1737
1738
26314
9933
9935
42703
75471
67282
59092
67285
34518
26327
26328
18141
18143
26337
1763
26341
50918
34536
34537
18154
26344
34545
26353
18163
26355
34556
9980
42748
1791
42751
26365
9986
26368
18180
26373
26374
42760
18184
1802
26377
1805
67343
10004
1814
42776
18203
10012
50972
26397
10019
10026
1836
42799
18223
18229
18235
26428
26430
18242
59207
18250
1869
1870
34638
26456
10073
18267
42844
18268
18270
42849
10089
18282
1899
42860
59244
42865
51057
1907
26481
1909
34677
10108
18303
18304
18306
1924
1926
18311
51082
1934
67471
59279
1939
26519
10136
26521
1949
26526
10143
59294
18341
1959
10152
10153
10155
26542
51122
10163
1973
34744
51136
42947
42949
26566
1991
18375
42953
59337
18380
26573
1998
10192
51155
34772
2006
34775
2011
34781
10205
10206
10207
18399
18404
2025
26601
51179
67567
2034
42995
34804
67572
2042
43006
10240
18435
18439
34829
2064
18451
34842
59419
2084
18475
2092
59435
59436
2095
34864
18481
34866
10294
10295
2104
2105
51259
18493
51262
34879
2115
2117
26693
43081
18505
51275
2125
34903
43096
2139
34908
34909
18527
2145
43107
51299
18543
67696
43120
26737
10355
10358
34935
43127
26743
10362
59510
43138
43140
43142
10376
2187
43149
43151
10384
2193
43153
26769
18581
2198
2199
34968
18586
18592
59559
2217
10410
26793
2220
18605
26799
18608
59570
18611
43188
2230
67767
26808
67769
18620
2238
51390
67779
10436
26821
26822
2247
2251
2252
67787
18635
26829
18641
43218
10453
2264
59608
59613
51423
26849
35044
2281
2282
35050
10475
18672
2289
18675
35061
26870
35065
10491
67837
18686
43263
43265
18689
10501
2310
26887
35080
35081
10505
51468
18701
2318
18702
2320
43280
18704
2323
43283
43285
26901
43287
10520
26903
10522
10526
35104
26916
43302
10535
51497
18730
10539
43307
26923
2350
2351
43310
2353
43311
26931
2358
18742
51515
2365
26941
35137
18757
43337
2378
2380
2382
51538
35155
35156
10579
10581
26969
43357
2398
26974
10592
35169
67938
18788
10598
43367
18793
2410
2411
18796
18801
35186
35187
10610
10613
26995
2426
2429
27010
43397
2438
10631
18821
2442
43402
59787
67982
10638
2448
2454
51607
2456
2457
51612
18847
43432
2474
2475
10668
27052
35247
27055
27057
18867
51637
27063
35262
43455
51647
27074
2499
51652
43461
35270
59847
35273
35275
10700
18891
18892
18894
51665
10710
51678
18912
2529
35301
51686
76264
18920
18921
43507
35317
2553
68090
10747
2559
2560
35330
18947
35333
18949
2567
2568
59911
2570
35339
27145
59915
2574
51728
35349
10775
10776
2585
18977
35364
35365
35366
43556
27172
2602
10794
43564
2607
2610
10802
59956
2614
35387
43580
19003
27197
19008
19012
43590
19018
2636
10830
19022
2640
19025
27216
19027
2644
35417
2653
19038
10847
2664
35433
10856
35436
27244
2670
27247
19057
35445
10870
51830
43640
10873
51837
2688
19077
68230
19080
60043
51855
51857
27282
19091
51859
19096
68250
19101
51869
2720
19105
10916
19110
27302
19112
10921
51881
43691
51882
27308
68271
60083
2740
2743
43703
19127
43707
2749
35518
60096
2755
60099
2757
76485
19143
19149
10958
60109
60113
10962
2775
51927
27352
10970
2780
10975
43743
10982
51942
2792
28235
2795
2796
2798
2799
35569
51959
2809
19193
35585
43783
2824
19208
27402
11022
27408
27409
11027
19220
51989
68374
2841
43804
11037
43806
2847
35620
27428
19239
43818
52010
35631
19247
60208
2868
11060
27445
35639
11064
19256
11066
11068
43837
43839
11074
2888
35657
27468
2893
43858
35667
68436
60242
27478
19289
2906
19291
11104
76649
43882
43885
27515
19332
43910
52103
2962
52119
52120
35737
2971
35739
2975
60319
2978
19364
11175
2984
2985
35752
35756
2993
19377
2998
27580
35776
27590
19401
11211
19406
3025
11218
43986
43991
19418
3035
44002
3043
3047
3049
11243
44012
60399
3059
44019
3065
11259
19451
19452
3073
11267
19459
52227
19464
35849
11273
3083
35852
44042
3086
19469
27657
44051
19479
11290
3100
35868
11296
27680
44067
11302
52266
3117
3118
19503
35888
60467
35892
27700
11318
11321
3130
44091
27706
3133
27712
68674
3139
60484
44101
52293
44103
19526
3145
3146
11339
60488
27723
44111
11348
11349
44119
27737
11356
19550
11360
3169
19554
3175
11367
11373
3182
19567
27761
11379
60546
19587
52357
52358
3208
11400
27784
27788
60558
35990
11416
35993
19610
11420
44193
19617
27811
60579
52391
52394
11435
11437
3250
36019
44213
11447
27832
76988
3261
44221
11455
3267
3268
36035
27849
36045
36047
36049
19666
52435
44246
3287
19673
3292
11485
3295
3297
3303
36075
52460
27883
36080
19698
19699
36084
52471
11512
36089
52475
11516
44286
3327
19710
27906
11523
3332
19716
27917
3349
27928
11545
3357
52513
36130
3369
3370
11561
3373
52525
36143
11568
11570
36147
19762
52531
27954
3384
44345
19768
60729
11581
44352
77120
52548
3397
36165
11593
3418
3421
3422
44383
3427
11619
11620
19811
19815
19822
28015
28016
3448
3449
36217
11643
28025
19838
36223
11650
3459
44419
36236
3471
36239
3473
36241
28052
52630
11674
44443
28061
11678
3487
52639
3491
3494
44456
28074
19884
19887
52658
3507
11702
36280
52670
52672
19905
3522
28096
60865
11717
28104
69065
11721
3531
3532
3533
11725
19918
60880
11733
11734
28125
3555
36323
11749
3563
3564
3567
3569
11762
52724
19958
19959
19960
11769
11770
44538
36348
44539
28158
69119
28161
11779
19971
19979
3597
11798
69143
19990
69145
28182
52763
3613
69150
36385
20002
52770
20005
36393
28206
28207
36400
20018
11827
52789
44599
28220
36413
44610
60995
69190
3655
36424
52810
3659
11851
11852
3662
69199
20046
3665
44626
52814
52818
36437
20054
61010
11865
11870
36447
36451
20068
69221
28259
20072
28265
52844
61037
3697
3698
11889
36468
36469
11890
36471
11893
20081
61045
20091
11901
61056
3713
44673
44675
3716
20098
61061
44679
11912
11913
36490
3724
3730
28308
69271
44696
11929
20120
36512
20132
3749
52900
36523
11948
3758
52910
11952
20144
20145
20152
28344
36539
52923
28353
69315
3780
44740
11973
11974
20168
28361
36555
11980
44749
20171
52944
3793
36561
52947
11994
20187
52956
28380
3806
20191
61148
12002
20195
44772
20197
28388
12007
69353
3819
20204
61166
36591
44785
44786
61173
44792
52985
61178
3836
52988
20221
28417
3844
20228
61189
12040
20236
20239
12048
53007
28433
12052
20244
3869
36638
28446
3873
36641
12065
44839
12074
28458
12082
12083
20274
28466
36662
28471
20282
61246
20289
44867
3911
12105
53065
44879
28497
36690
44882
12115
12116
28498
44891
44897
20322
3939
69480
28524
36717
3951
36721
28533
61301
28535
12152
12153
3968
36737
12160
20352
53120
3975
20360
3981
3983
53138
3988
36762
20378
3997
28573
4003
20389
20398
4015
36785
20406
28603
36798
20414
28608
4034
77763
61381
28615
28616
12235
36812
20429
4047
12240
12241
45008
61393
53204
61397
12248
12251
28635
28637
45022
4063
53217
20452
28646
53224
20460
28656
4085
28665
4090
12283
45051
20474
28678
28684
12302
45071
61454
28691
28692
12311
45080
12315
28700
12321
4131
45091
61480
61491
28727
12344
61498
45121
28739
20548
28747
36940
45132
12365
45133
36948
53337
36954
61531
28766
61536
12385
4195
61540
12390
4199
20588
36977
12401
12402
45171
20597
28786
28790
4216
45177
61560
12412
53372
20607
28800
36994
20611
28802
12421
20613
61577
4234
12427
37006
12432
20624
37013
4246
28822
4249
37018
37019
37020
20637
4254
28828
37028
61604
28837
69799
4264
12455
20649
53417
37038
28847
4273
37041
12467
20659
37045
4278
37049
28858
12475
28864
4289
20674
12483
53454
20692
28885
37080
37081
45272
4315
37084
37085
12513
20705
20708
28902
69866
20714
37100
12530
4345
12539
45314
12549
20743
4366
37135
12558
12559
45328
45329
28943
28947
4375
12568
20759
28953
12571
53532
28956
12574
20770
4388
20772
4390
53541
37160
12585
61737
53548
4397
12590
12591
4404
69943
4411
53564
20798
37183
12611
37189
61766
29001
12618
20810
61771
12622
12624
20818
37203
20823
4440
45401
29018
61786
37218
4451
37229
4462
37233
29043
29045
45430
20855
53626
12667
4476
4480
4481
4490
37259
20876
61837
70031
12691
29085
4510
12702
45471
4514
45474
12711
29096
4521
37289
53678
29105
12723
29109
61879
4537
45497
61882
12738
4549
12745
4554
45515
37325
61902
12751
4566
12760
12763
37347
4580
4583
37354
45546
29163
4592
37361
12784
20980
4597
37366
20983
61942
4601
53753
4603
20986
53757
29179
29181
20993
4611
61955
70149
45575
12808
12809
12810
20999
21004
45581
29194
4629
53784
37401
12828
29214
29218
12835
29224
21034
4653
53814
12855
4667
45627
53825
12869
29254
4681
12876
4685
37454
4687
45645
21068
62030
4693
53847
29272
62043
12892
29276
21088
37474
21091
53858
4711
4717
62062
21104
37491
70266
45690
21120
29312
4741
29320
4746
45707
4750
12942
12949
53909
21143
12952
29338
37533
29341
70307
53924
62115
29348
12967
4776
29350
12973
12974
21166
4784
53938
29365
12982
4795
29372
62145
37574
12999
45767
45770
4820
13015
29404
37599
13024
29407
4834
21218
13028
13032
4844
21228
13039
13040
21233
13043
37621
21237
21238
54006
29432
21242
13053
13055
4864
4870
4871
13063
21254
21258
29451
13069
62224
29457
21268
54037
54039
37658
21277
13089
4900
37675
29488
37683
13109
54072
62265
54074
4924
4931
21316
4933
4934
37703
13127
54086
29510
29512
29514
13135
29519
37717
45909
4951
54104
29525
4956
37726
45920
29537
29545
70508
13165
13166
29549
4976
62318
29556
4981
45942
4984
13179
13180
45952
29568
29570
21380
54152
37769
5002
5004
13197
21391
21394
13206
45976
29594
29597
62366
54175
37792
45985
62369
29602
29605
21416
54185
5034
45994
21421
54196
29620
29622
21438
5061
29641
62412
46030
37839
21461
13273
37850
29661
21471
46050
5092
37861
13287
21480
13289
21486
29682
21496
5115
5116
21502
5119
5121
5123
37891
37894
29703
21515
5132
37901
21520
13331
62484
5141
5143
46103
46107
29724
5151
37919
29730
29738
21549
37934
46126
37938
29746
29748
29749
13367
37945
21562
37947
29755
21570
5187
21572
13385
13387
21582
13391
13395
5210
13403
5213
54366
62557
5217
37986
5221
29798
5224
37994
46187
21612
5236
21621
54389
13431
29820
21630
29827
38023
21639
21640
21641
21642
54410
21647
13459
13460
46229
29845
5271
29848
29850
38045
70815
54432
62625
13475
13479
29864
13481
21675
29868
21678
5297
5301
38072
21688
21698
21701
46280
54473
38091
13518
21712
46290
46295
21721
13530
38107
5340
29916
21726
21732
13543
21736
38121
5354
29931
5357
13549
54509
38130
5365
29943
62714
29947
21760
29954
38149
5382
29958
13577
5388
29965
13585
38162
38166
54552
38169
38173
29983
5410
38180
5414
38183
21798
21801
13613
46392
30008
21818
46396
13630
46401
21826
21827
5450
5451
54605
38222
21839
21841
54610
13653
62807
46426
46427
46428
5469
62814
13664
5475
21859
21860
5478
54632
30059
5486
30070
30072
5499
46459
5501
54651
62845
30079
38275
46467
46468
13701
13703
21896
46477
21902
54672
5522
5525
21910
30101
5529
54681
54686
38303
13733
5542
21932
21935
38321
13745
46513
21940
62897
62898
46519
62901
13757
5567
13761
13762
30149
30153
38346
30155
21967
5585
30163
62931
13781
38365
5602
38376
30184
13803
5612
13804
5614
13806
46574
30193
13813
5623
22012
30204
54782
13825
5634
38410
5643
5644
5646
38416
13841
13843
13847
46615
13849
5661
13853
46621
5664
30237
13859
5668
22054
5674
22059
30252
5680
30259
13882
38461
38462
54845
46656
54849
5699
5700
13893
46661
13895
46664
63044
38474
22091
30279
38479
5713
5714
38483
5717
22102
5721
46681
13916
30301
13919
54880
5731
13924
54884
13932
30316
38510
30321
54901
38518
5751
13944
30329
13950
22143
13964
5774
38542
38548
5781
30357
38551
13975
5785
5786
5787
49996
22171
54940
38559
63130
30365
5794
13988
46761
38575
14000
22191
46773
5815
38583
22200
5818
22206
5825
5827
5832
30408
5835
22222
5839
54992
5843
14037
14039
38620
46812
14045
5857
5858
14050
5866
14058
5869
14064
38642
5875
5876
22261
22266
22269
30463
5889
46849
46860
22285
38674
5908
5913
46875
30491
38685
38686
63263
30496
46896
5937
5938
5939
14129
14133
14135
5946
5948
14147
30534
46919
38729
55114
30540
14159
22357
30549
30551
22361
5981
38752
30560
5987
5990
5991
30568
38762
5996
14188
30572
14191
46959
14194
55155
46964
38773
38783
46976
6019
38787
14212
6029
14223
14225
6039
55195
6045
63391
6050
14242
14248
14249
6058
38827
14251
22442
22443
14255
55210
47025
22446
6069
71605
38840
14266
6076
14272
71622
63435
47059
22484
30676
22486
55254
38872
55256
22490
30677
63448
47070
14303
30687
38882
14306
47074
55268
22508
63469
47086
63472
38906
38907
22522
14333
6144
14337
22528
6148
63493
14343
6155
38926
22543
6160
30737
14359
30744
47129
22553
14365
6174
30751
6178
38946
63523
14375
38956
30764
14382
22574
14384
30780
6207
14399
30785
14404
14405
47175
14408
14409
22604
63564
22606
22609
38994
14421
38998
14426
14428
30814
63584
47207
6248
14440
14443
6254
47215
6259
6260
14451
47219
39031
55414
22648
22649
63606
55420
39038
6272
14464
6274
14468
22662
22669
6286
22672
6291
6294
14489
47257
30875
6304
6308
47275
55472
6321
39092
22710
39096
6332
6333
14524
22716
30911
14530
14531
30914
14534
47302
39113
6346
55499
6348
30922
47310
39124
22746
39131
22755
6374
39143
39148
14572
39151
6384
30965
6390
6391
14590
6399
30976
39172
6405
14596
22788
39176
22791
39179
22795
22796
39183
47378
39187
47380
55570
55574
22808
31002
22811
39196
47388
31003
63778
6438
14630
6443
31020
6447
31023
14641
14643
31027
14646
6456
14649
22841
6459
31034
47425
22849
6473
31051
31052
22861
6484
31061
63830
39255
14679
22873
14683
22879
14691
6501
39276
6510
6514
55667
22901
6520
63865
6522
63877
55688
47499
22924
31115
55698
6549
22937
14747
6556
6557
6558
14749
55715
55716
55717
22951
55720
14765
47538
55731
55732
31159
39352
22972
39358
14784
6599
47561
55755
39377
14804
6614
14807
31190
23001
23002
14814
23006
47585
6627
23013
39402
55786
31213
39407
14837
23032
31229
6655
23040
47617
23043
47621
64005
64006
14856
47626
55818
47628
6673
6676
39449
55838
39457
31266
47652
6693
64038
6695
23087
23092
6709
6710
55862
14905
14906
23099
6723
55877
31304
6729
47690
14923
23113
14930
23125
31317
64086
31321
14938
14946
39523
31331
6759
6760
31337
6762
6764
55918
55919
14963
31349
47735
39547
14975
6787
14980
31365
64133
6796
6798
23190
31382
55964
31388
15006
6816
15010
6819
15016
6825
47785
15020
39599
23219
55989
15033
6848
15042
23237
15047
39627
23248
31440
15063
6878
39647
31454
15077
23271
39658
15085
47853
23278
6896
23280
6898
6899
15102
47873
15106
23305
39690
56075
6924
6927
47889
6935
15128
23321
47899
31515
15134
31519
31520
56097
39718
15143
39722
6956
6960
23344
31538
23350
47928
31545
56127
31552
31554
23363
64323
31556
15174
6985
56144
6994
15187
23378
23379
31574
39768
15197
31581
23395
64355
7017
23406
7026
56179
31605
15224
15227
23423
56195
7044
39815
15239
64394
7052
39821
15246
31630
64401
15251
7060
23447
7067
23453
39840
7087
7088
39863
15287
56251
39875
23494
15303
31691
31692
7118
31694
23504
39893
15317
15319
56280
64471
7130
23517
15327
23519
56291
7142
48102
15335
31721
15339
7148
7152
15344
7157
7159
15351
31736
15355
64508
23552
39937
56320
64515
23557
31754
64525
31758
48144
23569
56337
56339
39956
23573
31769
23580
15391
23583
64544
23588
15397
7207
15399
31784
31785
15403
23597
64557
48176
23609
31803
7228
15420
64573
7231
7234
15426
23620
56388
64578
48204
40013
7246
7249
7250
23635
31826
48215
15452
72799
23654
40040
56426
31853
56434
48243
7286
31865
40058
31869
7295
7296
56449
31873
48260
48261
15496
23688
48266
7308
23693
15505
31891
15509
15512
23714
31908
15527
23720
64682
40107
15532
7343
48305
15539
15542
40119
7352
15545
23734
7359
23744
23745
56515
7364
31942
31943
48328
7370
15563
56531
15572
23764
7382
7384
72920
31964
15582
48351
15584
64738
31972
7402
15594
7404
23787
15598
23789
64751
64753
23797
48374
23798
7417
48377
40187
31999
7424
32001
15619
32004
56582
32007
15632
56593
32017
7443
7448
15642
23834
15644
56603
15650
7462
7464
40232
7468
15661
32045
32050
7476
32053
40246
32056
40252
7487
7488
40256
15682
48455
32071
7497
32072
56651
23889
23891
15700
32088
23902
23903
15713
40290
7524
48484
40294
40299
32107
15728
7542
40315
23932
7549
32123
48511
23936
56705
15750
56711
15754
48524
7569
56723
32147
48538
48539
23963
15773
48542
7583
23964
56735
32157
56739
15780
23972
40359
56744
15788
32173
15799
15800
64952
15803
64956
23997
32190
24000
7619
15811
32198
24007
7625
24009
7627
7632
24016
15827
15828
15830
7639
64986
15838
48606
32224
40418
15844
24037
7657
40425
15851
32234
15853
7662
56816
24049
7666
7667
32241
24057
7678
7682
56835
32264
40459
24080
7698
24082
40470
15895
32278
24089
7706
24090
48668
7710
48670
15906
56867
73252
32292
40489
48682
32297
32300
15919
48689
7730
40499
32308
32309
7734
40503
48696
56888
65079
32314
7746
48710
15944
48712
7754
15946
73292
15951
48723
40534
24152
48729
65115
7772
32353
48738
7779
15972
40552
15978
15979
24174
7792
32371
15988
7803
24194
32387
16006
24199
40586
24203
40589
24205
24206
65165
24209
40595
7829
48789
24213
48805
73382
40616
24236
24239
16052
65204
16057
32442
40637
32446
40644
16071
16075
48844
32461
73422
40655
40656
16082
16083
7895
16093
16094
7907
7908
57060
48870
7912
32493
7918
16114
65269
32502
40700
16127
57088
57091
7941
57094
32522
40715
7949
16141
32525
32526
16145
57107
16149
24343
48920
7962
40731
48922
16158
24351
16160
7969
24352
7971
32544
7973
16165
16171
7983
32559
16182
16184
40762
40763
40766
32582
16202
8013
8017
8018
16209
8023
16215
48983
57177
48987
32599
65371
8031
65383
49000
24425
65384
40817
8052
16245
16250
24443
32634
8061
16255
40832
49025
16258
32642
24454
24459
40845
8078
8079
57229
24467
40854
24474
32666
32667
49053
32670
24480
49057
32674
32675
57253
16294
32678
8104
16297
40876
8109
49068
16301
16303
8114
16309
8119
16312
16314
8125
24510
24513
24519
16332
16335
40913
32722
16339
49108
57299
40918
40919
16344
40921
8156
16348
16349
24540
57310
40931
49124
24551
24552
24553
65512
8173
24557
8180
32758
8183
32761
24574
